590111
2975950
7934555
15754306
2817533
13848470
13760940
11123158
15321398
2616106
10991899
16653275
13285281
13668159
7617623
5280590
11130305
4153170
9380012
8256124
2442595
8634542
14566056
1232809
12813934
14443139
3403178
8983808
5119400
15913056
5297604
8739424
5987982
8361591
15522724
15568560
11206321
3391889
10470790
16624891
164090
4937886
10295924
16433898
9528558
15158252
352855
14909427
14532969
9654420
4368519
11904005
15723115
3399374
13855680
7587727
2543208
2347218
16025733
11825732
13150249
6965188
5062131
1179714
9944691
11204100
15041638
16120608
6386126
16040814
4822012
11219862
12288615
2233066
4322142
511678
4518774
11172214
11186157
9548855
14771921
12142647
11512740
11421393
14702862
1854932
3155365
5592354
8185163
14100814
6876310
4904886
3159565
11832040
5234822
16110987
4951662
9240670
10723624
8712740
3466229
16200133
13387716
11690109
15387784
3384755
10608170
15186214
5274977
12498731
9281690
2446538
14460585
4386737
5960529
3734974
4651793
5021055
7403789
7016270
10978077
13140589
5622156
16273140
9947078
13677916
14221711
2959133
14626820
12990275
2858140
15039130
5201736
4118505
13322023
1274008
339971
4879960
10576228
5544092
10960000
6399911
9452402
6238720
11890893
6008189
6839811
11184156
555499
13979103
680740
12794261
11085960
10850644
16227343
3203884
9967450
13452377
843603
8846016
12951221
5441319
4714776
5782391
7395142
8258705
5198143
4816230
5119151
12351329
8477901
11399064
11015591
14216973
12899290
8044507
9775465
7985674
3960786
3921525
14342555
5498623
8352196
11350426
13208442
11538503
3363254
15522667
10531523
9369585
8591880
7152178
7951388
14946092
14274583
3683214
3322534
4646024
6725944
4023696
1600822
2621927
13935702
8786385
1049098
3127079
14080068
11469847
9489422
1235620
9949432
10947933
12005768
5265043
11087285
4297390
16417213
1952530
6331148
8653547
11105352
1161783
7252364
13550641
15165960
10014468
15677360
13191012
12153655
4563795
2318211
781170
7155885
1037573
6342942
4595602
8148635
9943453
15445739
4028983
15781073
14361183
13089355
11951673
15401820
693151
8639204
1249114
16542105
10310006
5958533
13842267
11491545
10783854
6250788
15096710
12450458
7191267
2061846
1418486
6519733
2642404
6643993
3803558
13201970
16071486
5967982
9803524
780642
2543639
8429712
8121743
10336102
2431241
5656505
1136145
7483360
1280043
2021027
8716527
12783722
10112918
2238331
8033581
8631407
11369009
5243193
3681301
966242
832872
11475730
5307782
13890475
10064704
799926
13532565
5373576
5985775
10393778
16153461
7869659
3279472
12243249
7489874
2395198
11266064
12839107
14959190
15501783
5128423
2276325
4762892
10229567
9997409
11403308
7756258
6997089
5804709
6674195
5647844
14215288
6090635
1070973
7116136
575822
14749488
15760912
13600762
403377
2395829
4369529
1249964
5937491
16599775
12338892
7167646
14932896
9645423
14042876
15584180
14288605
13132509
7583095
7618863
9950582
5017088
7404984
12477527
958408
13559710
15395474
16018986
213144
7024264
707266
2697680
12767575
10005224
5218074
10478455
8160910
16199390
1459055
3684397
15424578
2254883
6618646
2203782
14720711
13669533
14596739
4581079
7507519
15918873
6952510
13534272
11647319
14083136
15873814
5503757
4031955
7377618
375279
12117594
1276739
1275850
4963922
4566170
328926
16746425
15511355
13103389
10402421
531667
9285978
10176140
15009193
2282930
1248571
13293090
10997500
12211574
9843837
8985405
12215770
11803736
2199411
11943452
3876529
12130561
2668567
4104315
166441
7913728
9929591
4966706
7196629
16458458
11390759
4707864
14146875
7718837
11780237
10754808
14493395
12238724
9929490
12621493
15170412
13947359
14341268
14533269
14793399
1415465
16402326
14622721
4996341
14151346
6569183
3036448
16765813
15025821
14783838
720213
8494916
11715357
15998273
3622336
6147236
6705480
13567293
5344479
3001822
8394852
1209110
7433370
7319238
14223316
13732228
10327351
16333488
16456205
12598635
11322142
399540
3392803
12457594
4837027
4445473
6518085
11697941
9413048
12493394
9262171
15969886
3334362
3538634
10560897
11819764
639093
8612123
3918999
7231757
9446287
646187
16647018
12244488
4546986
814774
9478149
11735721
15691156
9735987
9970900
5637806
10380066
10475797
10857465
11808846
13069273
15354125
3720677
14459827
6911976
4717394
1104085
8002900
218913
15462381
10603795
5112187
3637806
2708952
16009773
1156876
12610726
12277079
15861043
4691705
6810222
10974196
15745316
1527938
5065610
12691632
8643125
6692789
6743610
13612152
15836250
13654836
14501465
9367915
10751685
12147608
15984346
15770230
10396261
13129030
7198051
2550722
9706101
14960836
4775233
15698629
13374777
7803172
4629571
8233543
6580642
1998625
9741912
11956824
5647989
11595286
6238816
13405746
12648894
1183988
12699706
5404955
14255604
2903230
14658467
387015
4388387
7601956
12365419
13110353
714131
9235963
5995591
3612578
7869231
14150523
12961927
7017269
11935395
5426736
5713916
16595300
15068861
4603542
10376335
6780888
3725024
15979119
14576178
16772982
835258
14709438
3814212
11802096
11373667
9326706
10367696
6629218
12402676
15966321
14936754
16461989
3871106
9182715
15036464
12668293
9146586
8373449
7336042
661508
11367161
13133693
12530849
6729344
3878229
8947080
16218752
6528551
15768667
13898128
12485436
16372803
2241119
5796352
6777805
3040189
3088415
842814
14507357
7556115
15710610
14805907
9532817
1104636
14305879
9626250
1394568
395867
6714961
10943499
3423728
15804330
13243991
4219965
12190222
4907180
9029557
7302011
10829925
9615953
15188311
16321401
651048
862666
5123061
7889656
4469423
9481274
8029541
2102012
3050998
3862303
14707559
12375249
16645696
5142858
11241899
775583
8425228
7428714
9366232
4570771
7263175
3718241
10896982
15688461
5919987
869910
12738128
10036360
885718
6097494
11369517
14399775
16068696
3091966
11439877
12870136
16129329
14872359
8941861
13907176
9131332
5743123
1773718
9311457
11720408
16279683
419057
12104170
8021014
1551276
1219400
15042400
15630676
15728698
9249270
12820842
814755
3233255
9456232
15402130
3219536
15327430
8597641
4663142
12033844
506101
12072839
3932701
11395860
1566062
11437035
8125983
6231223
7702440
14734508
11891492
5994462
12631867
489960
2589894
1844460
6499878
9437502
5502172
4107192
11259709
16365452
16511280
11272927
2363419
7216830
1757320
13462981
15486558
13684438
12722208
7914867
8086590
7627784
12978703
16097953
6210107
12036815
6419226
4978515
8161942
13260617
5299686
13220307
16094782
15696130
3313210
13645580
11307594
5288007
15805594
11185380
13432707
15038638
2300947
11860897
15508318
5893691
482719
14546213
6343076
743849
7274762
1003370
5935168
16557533
11091638
1972914
11121178
353886
1415978
5652605
15610486
2684364
11751571
10470587
16764723
3147219
4706037
14279541
1439053
13084936
5950732
10463391
4634449
5968924
12236064
16388842
6107372
10639520
8224397
16734955
13816962
7901487
12370116
14979928
9455513
12343113
6634496
1432255
12589075
3733385
11643126
14479555
16324251
14048000
8751096
1226155
9787695
9487741
12928074
4147446
3515272
2536046
11169093
12048278
3176759
14333359
5134390
8536716
1879655
5594413
13123268
4358060
11378659
8045721
10101200
10333869
7471219
14456748
9722773
6252779
8095940
16216717
12194034
15515822
11857647
15291592
15434880
5962328
3142487
2536217
709162
11691128
2136275
5617880
1092275
1984614
13094443
1485893
2905983
15337975
3859897
12710738
10185651
13948574
16297292
11389318
8262542
14629215
9649128
8506800
4565399
8085008
10650496
3258337
15797729
6320520
1458897
11595721
5757545
5202590
4681083
5480999
10672928
16265035
3462876
209732
640218
11015848
5219747
6387116
8574708
15567366
10982121
10971479
14117884
2552359
2846334
8657264
14958902
14847788
11797334
3518323
4581210
5994442
15329641
7164709
12981069
5862446
964075
10279194
6410250
9824272
13395634
9279223
3311185
3462004
4188555
1609340
14862096
4724732
4441012
9056396
3954129
7632582
2072576
7309578
11363508
13911656
7004941
12915992
11718357
2993903
3883970
1626290
15506469
6004866
9581196
12009478
12692997
9692631
6615830
8390124
4934150
600960
6588915
4504855
7254899
11400691
7393624
4038205
15745083
2883353
8484138
7107671
2008597
12246859
16744155
1213034
9481375
1647050
14824444
8613362
16663628
176101
12453680
5027577
14693356
4320637
2318590
9147701
8606358
582369
12006703
11313464
9274765
11643024
14502070
7799740
14195917
9836310
10374056
13505643
15960203
3536084
12878249
14061363
12407293
1559412
10592527
1154134
9080167
252809
8998237
15906195
13018693
904444
2657279
1930188
4860940
12489446
13545975
5313864
12589516
6303647
3239416
7487338
762006
16490298
7738252
8020019
9643824
3279040
6060334
13893172
4822327
3122993
613318
4401638
11825024
12758969
9047489
1289011
6509279
3029056
15496681
12260121
965943
12387873
14432839
6407378
806404
16305625
16190703
14919087
13855530
13121316
7211760
7428111
5238814
8041310
5312702
6862408
14671859
228024
6349374
7751492
4479544
4443753
4689697
13455809
10543565
5027578
2233732
9981343
2336827
4719733
8774812
2629274
14715484
14047112
8484659
10664452
7338038
9946226
4927673
11578265
5281128
9658383
1595444
5571967
7677022
14303819
12144870
12478133
13805812
6659315
12441905
6963949
4962824
4139004
2190472
911503
7276739
844361
5317681
5304087
7291725
779560
152663
13492878
13232815
12027642
12998241
7856600
13399201
13786070
564896
13651686
1987820
2996054
11108693
6425224
1587982
8351313
10715532
11043724
10424973
2152417
7092925
14891858
2818904
1304505
14414858
2325117
7003760
3931827
9679051
8949927
4054462
1531481
1414515
2425661
2516971
13928225
13445430
10550123
10706330
984131
14959489
12493581
10569802
15331602
15544375
6823453
15089564
3792967
15211972
7842471
1598356
6855354
10390610
8324759
1834195
2268876
5242139
10975753
10257037
1798418
16337744
3889044
6388816
2953113
5119331
7801899
14890880
15298773
9956420
6565552
11931791
7502613
1433324
1422861
7230143
2932559
10799600
9207042
5429610
11157274
13376712
13010445
13848406
14565319
7633015
10789384
818902
13211849
2202793
14541294
15479800
11261907
10143905
3727881
7537686
5645972
6591568
14279554
3565464
6230629
889501
10341017
10170043
1082075
15411256
13862232
16379051
5340882
14829982
7651699
13150219
13327703
4136596
13562469
8411540
16647857
7317796
15848265
10066731
12299961
15780158
11812110
9484338
8815304
16223314
15753666
9313712
7079837
9330864
8479614
10369545
6362341
798517
1739080
4533224
233819
10989990
12507323
15032845
473577
10205511
4915416
1600892
1645756
6166147
6605662
13887614
8594636
4522014
1757058
4936392
9539620
14957850
1119327
4272346
3850478
13955217
5864634
7038600
8727612
5517545
137692
15707483
3454844
1244219
10312243
322342
2126754
14190970
4064080
4259587
6619445
14698676
2240361
6030946
14419900
12415979
2186781
11863215
4189026
7810390
12511366
7985546
2916896
628300
15385304
12017449
13370429
16436218
6878163
5238797
13121462
6521576
404803
11744188
3612843
15941752
3781208
8743309
10676241
15374617
5016166
6302274
6855288
5243468
3525087
1323078
3055890
15452343
4096423
16631594
15664128
4825921
13975558
8349681
5608537
2077905
12365660
16471407
13097844
7476599
12324744
5836018
2507164
15215038
15558835
7510017
1721758
2167463
5202532
4552436
6696549
5292575
16560750
12348817
3835231
3218931
8897822
12721617
223561
12054021
10245455
7763282
8176323
8055096
16154808
9673435
2772002
4871858
11267236
15701645
6472162
10790428
13619859
10447972
7296600
14995772
14511339
7540895
13592437
16317138
14349025
16415920
1609159
13285765
389607
5794892
13522512
13103587
6013923
11786504
15768139
12035777
7644447
6834927
3378849
5983185
3841413
15163712
12699005
1569307
1326897
11314036
3458356
16718079
5829275
11830094
6303158
491411
11601886
5669033
11675280
12677555
7964258
8737355
16568534
6135988
13453899
2738135
6186803
5931400
692846
5403527
1612009
9683012
3601482
7008798
7495608
11070267
235188
8026095
10963496
7130490
13535536
2422428
721218
7850265
3643108
16073613
16652145
8328423
6664727
2287307
5712863
9518599
10568111
12722249
11974579
5463205
10651385
1503775
2743872
5810783
11986989
9897149
10493036
9351403
1584528
13478232
5264282
13117340
5522711
2192204
8871595
14046618
14261357
9334151
4780506
8645921
9297141
4006194
15474111
6473973
7090729
3471943
10315814
14921714
11090414
15618266
8740878
15837950
6251042
15986200
1837774
4845261
6713195
1799723
7539740
13677749
13302192
3348326
11425684
12807021
1846071
5199623
11552096
12038594
11956794
2105400
6593161
905574
7349063
6579643
1334752
16688809
7038489
10286575
7661905
3652184
16640213
15961758
10134320
4977962
3116982
1375794
12326936
14409472
14815995
3415452
8852175
16017377
15449044
13028707
4974851
10572755
16338047
1424348
13825922
14063050
2410848
8627886
15762542
13053865
11278833
2937167
3970724
12322234
15348429
6590754
13518270
3336761
2041552
3461469
15493641
10936697
14331471
13517021
16389646
11411402
1085923
11871587
6088822
5431177
9253878
11892403
4189078
9058046
854633
13927245
8885307
13718079
10562052
11062372
12882431
8692994
3774802
15698429
716029
15925834
7313780
3614410
5217668
15285258
13151025
5011651
980797
1745467
2432541
10959614
4741153
4263802
940297
13025943
1659302
9191484
8046423
3323650
7771554
4196483
2820009
3545439
1459626
15540860
4149147
5157325
11446488
15549872
12074690
12278003
14280326
5501565
8385271
16452180
2896325
11325208
16126555
5403932
8857388
11862746
10927568
7164017
9054733
10487994
12559070
5323086
13030691
14668443
11103969
11908671
10187370
6527931
2953563
13059159
498675
13351105
3799248
14375883
4600200
3755775
10407735
3421630
694803
3922458
1855839
14092976
12685818
14972638
354795
753170
4040193
14430968
13667723
15215233
6740645
4211564
3267850
8629978
4532084
11965943
5393304
15030937
16284268
1197083
10817067
15434354
16342604
8194137
15015283
569649
4812124
4519710
7430134
14360454
1840700
10279970
1771334
1123146
6643512
8923746
10437354
9852777
5643198
3755915
6436805
9768037
6036642
8344452
5198874
16435718
4672611
15814891
3531014
10301561
13582763
4772755
10351495
7140774
4116998
7622061
6785634
12445241
1679912
11426557
10700096
3490885
4914661
14527088
16405824
6380296
14329222
10113429
15682035
1844150
2444870
13347321
16154688
14423483
3456363
6833639
8922410
16261455
1142421
8462329
9762214
10748033
10435584
10811111
13418693
5299547
11368346
14636132
11723642
14177798
12655643
5605931
9684726
3241482
16538321
3863380
10501450
3526982
1428255
4386984
8283492
14861602
10172781
11259185
2726127
6583049
5026275
1596227
12940690
3372835
4680972
11633188
5511503
9376644
15210337
15593489
13271122
6921768
5586358
14613375
6491007
1755676
1967488
13217966
2267985
8711730
10266153
2477356
7765041
4913359
9835974
15446384
5593476
7883809
12590334
13975756
11427040
14318642
3111221
6054124
4321425
12764187
7151289
12903311
12767649
4662405
14756910
15838870
12734174
1791886
5843529
1832820
13627912
15871965
8983701
3825377
6498178
5267105
5506825
3153926
9021699
4128989
1558031
16763579
14742199
3437617
11108557
11012645
1536303
14074102
382370
239548
11963129
11276087
8604680
4498965
10579060
12058804
10421120
3360228
2254984
14026678
10844557
3985996
313197
9747464
11603790
4190032
15959655